Date: 2024-12-07
Player name: Bob [Moderate Risk Taker]
Player's betting strategy: Martingale Strategy
Player's placement strategy: Dozen Strategy
------------------------------------------------------------------------------
  Day Initial-Bankroll   Final-Bankroll       Game-Round           Profit
------------------------------------------------------------------------------
   1              100              205               44              105
   2              100              214               40              114
   3              100               44               10              -56
   4              100               62               21              -38
   5              100              252               46              152
   6              100               54               16              -46
   7              100               47               12              -53
   8              100               59               19              -41
   9              100               50               14              -50
  10              100               62               40              -38
  11              100               12               24              -88
  12              100               53               14              -47
  13              100                2               19              -98
  14              100               51               13              -49
  15              100               49               13              -51
  16              100               37                6              -63
  17              100               39                7              -61
  18              100                7               22              -93
  19              100               38               40              -62
  20              100               39                7              -61
  21              100               26               25              -74
  22              100              203               34              103
  23              100               47               12              -53
  24              100               27               26              -73
  25              100                1               18              -99
  26              100               42                9              -58
  27              100               55               15              -45
  28              100               48               12              -52
  29              100                9               22              -91
  30              100              213               42              113
------------------------------------------------------------------------------
                 3000             2047              642             -953
------------------------------------------------------------------------------
Average rounds per day: 21.4
Winning percentage: 16.67%
Final loss: $953
Ending condition:
- Bankrupcy: 0.0%
- Lack of bet money: 83.33%
- Max round: 0.0%
- Double profit: 16.67%
------------------------------------------------------------------------------
