Date: 2024-12-07
Player name: Charlie [Low Risk Taker]
Player's betting strategy: Flat-Bet Strategy
Player's placement strategy: Red or Black Strategy
------------------------------------------------------------------------------
  Day Initial-Bankroll   Final-Bankroll       Game-Round           Profit
------------------------------------------------------------------------------
   1              100               82              100              -18
   2              100              104              100                4
   3              100               96              100               -4
   4              100               76              100              -24
   5              100              104              100                4
   6              100               98              100               -2
   7              100               80              100              -20
   8              100               76              100              -24
   9              100               80              100              -20
  10              100              104              100                4
  11              100               96              100               -4
  12              100              110              100               10
  13              100               96              100               -4
  14              100               88              100              -12
  15              100               90              100              -10
  16              100               94              100               -6
  17              100              102              100                2
  18              100               98              100               -2
  19              100               76              100              -24
  20              100               78              100              -22
  21              100               94              100               -6
  22              100               92              100               -8
  23              100               82              100              -18
  24              100               98              100               -2
  25              100              100              100                0
  26              100               94              100               -6
  27              100               92              100               -8
  28              100              104              100                4
  29              100               98              100               -2
  30              100               92              100               -8
------------------------------------------------------------------------------
                 3000             2774             3000             -226
------------------------------------------------------------------------------
Average rounds per day: 100.0
Winning percentage: 20.0%
Final loss: $226
Ending condition:
- Bankrupcy: 0.0%
- Lack of bet money: 0.0%
- Max round: 100.0%
- Double profit: 0.0%
------------------------------------------------------------------------------
